84.521948 59.013288 18.452659 47.020518 93.014110 81.424071 30.949393 60.798336 85.590343 59.714576 52.083733 34.266101 31.057213 43.520537 78.497381 62.040860 56.771632 22.521407 80.712006 70.678997
47.462198 49.742249 33.305075 53.897326 56.957542 44.585492 75.330677 31.396998 65.851435 16.554532 61.867148 76.365185 47.750397 42.756771 45.339145 29.596035 36.162733 34.992801 75.910589 73.915947
45.613281 25.056875 69.706534 36.089003 44.993479 45.175992 79.809221 103.976117 15.963087 59.979679 34.088027 76.308176 51.684647 39.596673 39.175611 102.236092 107.690080 88.421200 7.847832 20.235943
91.363426 55.190480 40.614552 37.935569 97.849877 88.647583 8.300239 90.938580 80.707841 75.733694 37.647128 4.922280 28.592644 42.908941 83.842428 91.603656 88.188087 54.268222 67.088280 54.099860
56.868010 46.068309 16.426500 44.578951 66.167937 53.758691 58.766901 37.807105 67.860277 28.051698 52.425101 60.139804 34.535214 34.510919 52.603905 37.452227 38.649842 21.382583 72.458106 67.490947
101.940622 66.182710 47.304780 48.960500 108.617078 99.173585 4.918683 95.874978 91.731745 84.915972 48.545260 6.214204 38.887557 53.582867 94.505043 96.878240 92.197676 57.931044 77.690056 64.505041
23.230641 56.182286 68.541844 70.109715 29.177480 22.875207 106.366802 61.075759 54.014057 27.178121 76.463824 105.956279 72.921447 60.486234 28.705120 57.926219 69.083373 74.729536 74.412992 79.528298
43.226400 21.364414 66.131627 33.131107 43.282819 42.591469 77.433663 100.248170 14.975691 56.421041 31.745312 74.073706 48.525861 36.085000 36.488819 98.524498 103.932301 84.761781 9.417624 19.698189
49.300260 15.885590 30.144650 10.509650 55.840840 46.634001 48.692676 71.964479 42.708448 38.929529 18.458941 46.979834 14.507325 0.881843 41.752138 71.089298 73.518947 49.390021 39.324294 32.689374
23.535173 15.871064 49.453562 32.199579 29.268943 21.308450 75.307551 74.315865 23.168420 29.296314 37.099448 73.490678 40.968858 25.850229 15.648207 72.333887 78.863286 65.211524 35.641476 38.821836
