0 61.185289 13.949386 36
1 29.214465 36.636184 36
2 45.606998 78.517596 43
3 19.967378 51.423444 30
4 59.241457 4.645041 39
5 60.754485 17.052412 42
6 6.505159 94.888554 37
7 96.563203 80.839735 42
8 30.461377 9.767211 14
9 68.423303 44.015249 28
10 12.203823 49.517691 13
11 3.438852 90.932040 44
12 25.877998 66.252228 26
13 31.171108 52.006802 37
14 54.671028 18.485446 39
15 96.958463 77.513282 38
16 93.949894 89.482735 15
17 59.789998 92.187424 44
18 8.849250 19.598286 46
19 4.522729 32.533033 33
20 38.867729 27.134903 38
21 82.873751 35.675333 40
22 28.093451 54.269608 44
23 14.092422 80.219698 42
24 7.455064 98.688694 30
25 77.224477 19.871568 41
26 0.552212 81.546143 32
27 70.685734 72.900717 42
28 77.127035 7.404465 12
29 35.846573 11.586906 27
30 86.310343 62.329813 34
31 33.089802 6.355835 40
32 31.098232 32.518332 12
33 72.960618 63.755747 49
34 88.721274 47.221493 33
35 11.959425 71.324479 41
36 76.078505 56.127720 31
37 77.096718 49.379560 32
38 52.273283 42.754102 11
39 2.541913 10.789143 36
40 3.142919 63.641041 11
41 31.435598 50.857069 35
42 90.756647 24.929223 26
43 41.038292 75.555114 49
44 22.879817 7.697991 42
45 28.975145 16.122129 18
46 92.969765 80.812038 48
47 63.340376 87.146059 38
48 80.367208 18.657006 35
49 89.255900 53.934224 44
50 80.744016 89.609130 34
51 31.800347 11.005192 33
52 22.793516 42.710779 22
53 81.801477 86.073058 16
54 0.695213 51.074730 45
55 41.741100 22.210781 29
56 11.986537 33.761517 10
57 94.290970 32.320293 17
58 51.879062 70.301896 25
59 36.362960 97.178208 23
60 96.244729 25.178230 21
61 49.724851 30.087831 32
62 28.484049 3.688695 24
63 60.956433 50.267902 37
64 5.147875 27.864646 43
65 90.826589 23.956189 11
66 14.489487 48.945276 41
67 98.565045 24.205527 32
68 67.213555 76.161962 31
69 23.763754 72.821635 34
70 36.778313 63.230583 31
71 63.352971 53.577468 31
72 9.028977 83.530250 15
73 32.078006 18.651851 24
74 4.077514 59.089294 46
75 67.756436 1.658783 42
76 51.209306 22.649578 17
77 64.517279 17.436643 14
78 69.093774 38.673535 48
79 93.672999 13.752094 13
80 34.106635 11.347352 15
81 92.469362 87.733935 41
82 25.794163 65.998405 39
83 81.722220 55.520081 44
84 52.965058 24.185229 49
85 9.310277 89.721576 25
86 90.041806 63.310146 22
87 33.902979 34.920957 39
88 72.595568 89.711026 28
89 88.708642 77.987555 26
90 64.203165 8.413996 28
91 16.162871 89.855419 37
92 60.642906 0.919705 35
93 10.147154 66.350177 46
94 0.506158 16.080805 35
95 54.873379 69.189520 32
96 65.196126 22.426931 18
97 71.217922 23.724909 21
98 32.539970 74.649141 10
99 64.963290 84.922341 10
