0 12.203823 49.517691 11
1 3.438852 90.932040 19
2 25.877998 66.252228 43
3 31.171108 52.006802 25
4 54.671028 18.485446 48
5 96.958463 77.513282 31
6 93.949894 89.482735 21
7 59.789998 92.187424 33
8 8.849250 19.598286 49
9 4.522729 32.533033 47
10 38.867729 27.134903 19
11 82.873751 35.675333 44
12 28.093451 54.269608 41
13 14.092422 80.219698 16
14 7.455064 98.688694 30
15 77.224477 19.871568 29
16 0.552212 81.546143 35
17 70.685734 72.900717 13
18 77.127035 7.404465 31
19 35.846573 11.586906 24
20 86.310343 62.329813 49
21 33.089802 6.355835 30
22 31.098232 32.518332 24
23 72.960618 63.755747 31
24 88.721274 47.221493 37
25 11.959425 71.324479 23
26 76.078505 56.127720 36
27 77.096718 49.379560 49
28 52.273283 42.754102 37
29 2.541913 10.789143 35
30 3.142919 63.641041 11
31 31.435598 50.857069 34
32 90.756647 24.929223 12
33 41.038292 75.555114 17
34 22.879817 7.697991 42
35 28.975145 16.122129 44
36 92.969765 80.812038 15
37 63.340376 87.146059 48
38 80.367208 18.657006 32
39 89.255900 53.934224 34
40 80.744016 89.609130 28
41 31.800347 11.005192 14
42 22.793516 42.710779 20
43 81.801477 86.073058 21
44 0.695213 51.074730 19
45 41.741100 22.210781 17
46 11.986537 33.761517 33
47 94.290970 32.320293 37
48 51.879062 70.301896 45
49 36.362960 97.178208 46
50 96.244729 25.178230 30
51 49.724851 30.087831 17
52 28.484049 3.688695 18
53 60.956433 50.267902 24
54 5.147875 27.864646 49
55 90.826589 23.956189 27
56 14.489487 48.945276 29
57 98.565045 24.205527 15
58 67.213555 76.161962 21
59 23.763754 72.821635 11
60 36.778313 63.230583 16
61 63.352971 53.577468 25
62 9.028977 83.530250 12
63 32.078006 18.651851 12
64 4.077514 59.089294 36
65 67.756436 1.658783 49
66 51.209306 22.649578 47
67 64.517279 17.436643 42
68 69.093774 38.673535 37
69 93.672999 13.752094 10
70 34.106635 11.347352 17
71 92.469362 87.733935 46
72 25.794163 65.998405 41
73 81.722220 55.520081 46
74 52.965058 24.185229 13
75 9.310277 89.721576 39
76 90.041806 63.310146 15
77 33.902979 34.920957 28
78 72.595568 89.711026 41
79 88.708642 77.987555 18
80 64.203165 8.413996 21
81 16.162871 89.855419 20
82 60.642906 0.919705 25
83 10.147154 66.350177 10
84 0.506158 16.080805 30
85 54.873379 69.189520 39
86 65.196126 22.426931 22
87 71.217922 23.724909 43
88 32.539970 74.649141 13
89 64.963290 84.922341 37
90 65.761289 56.830860 47
91 9.367477 36.771580 40
92 26.520237 24.398964 36
93 97.301055 39.309772 14
94 89.204656 63.113863 34
95 79.481130 50.263709 12
96 57.690388 49.251769 42
97 19.524299 72.245212 13
98 28.077236 2.431597 34
99 64.547230 17.711068 29
100 94.045858 95.392858 43
101 91.486439 37.015870 35
102 1.545662 92.831856 14
103 42.818415 96.665482 44
104 96.361998 85.300946 37
105 29.444889 38.509773 38
106 85.113667 31.692201 18
107 16.949275 55.680126 47
108 93.615477 69.602980 15
109 57.006117 9.717649 28
110 61.500723 99.005385 20
111 14.008402 51.832965 11
112 87.737307 74.076862 18
113 69.701574 70.248408 30
114 35.949115 29.359184 33
115 80.936116 81.011339 43
116 86.707232 91.324055 31
117 51.134240 50.151629 12
118 79.829518 64.996393 21
119 70.196688 79.579267 37
120 89.000534 33.799516 39
121 37.558295 9.398194 35
122 57.828014 3.594227 30
123 46.559802 54.264463 37
124 28.654125 59.083326 35
125 3.050025 3.734819 42
126 82.260056 36.019064 30
127 12.706051 52.224326 44
128 76.999355 21.582103 43
129 62.289048 8.534746 27
130 5.168172 53.135463 20
131 54.063512 63.742990 32
132 72.609133 97.585208 31
133 51.630035 32.295647 26
134 79.518619 27.083225 14
135 43.897142 7.845638 20
136 2.535074 96.264841 39
137 83.598012 69.597421 24
138 40.895294 17.329432 36
139 15.643704 25.024290 44
140 54.922666 71.459592 42
141 66.019738 27.993390 29
142 95.486528 73.789692 25
143 55.435405 61.172075 43
144 41.960006 24.773099 11
145 35.597268 75.784611 44
146 1.439349 11.607264 49
147 4.600264 4.072880 37
148 85.546058 70.365786 48
149 47.417383 9.783416 15
150 49.161588 47.347177 18
151 17.320187 43.385165 29
152 39.850473 61.585010 10
153 63.509365 4.530401 17
154 37.461261 62.585992 32
155 50.313626 85.648984 12
156 65.869363 16.293443 13
157 7.056875 64.241928 34
158 2.651131 58.577558 47
159 94.023024 57.547418 24
160 38.816993 64.328822 30
161 45.825289 54.561679 44
162 94.146481 38.610264 23
163 96.119056 90.535064 45
164 19.579113 6.936130 21
165 10.077800 1.822183 26
166 9.444296 68.300677 48
167 7.118865 31.897563 18
168 84.487531 2.327194 44
169 81.446848 28.185477 22
170 11.816483 69.673717 24
171 62.894285 87.747201 27
172 73.507104 80.348093 42
173 28.203457 17.743954 15
174 75.061475 80.683474 36
175 99.050514 41.261768 32
176 37.201809 77.641296 36
177 34.080354 93.075733 43
178 85.841275 42.899403 47
179 75.087107 75.454287 23
180 10.312387 90.255291 45
181 50.525237 82.645747 17
182 32.004960 89.552323 44
183 38.920168 1.083765 28
184 90.538198 9.128668 39
185 31.931364 95.006197 23
186 95.060715 57.343789 29
187 63.183721 44.844552 34
188 29.321077 32.866455 49
189 67.251846 75.237453 33
190 79.157904 78.961814 23
191 9.120610 49.442030 35
192 5.755876 54.952888 47
193 44.153050 88.770418 32
194 35.091501 11.706702 31
195 14.299168 76.151063 28
196 61.821806 10.112268 12
197 8.410681 70.096913 28
198 7.276301 82.186006 18
199 70.624223 8.134878 37
200 8.483771 98.663958 29
201 37.427080 37.064215 16
202 81.279957 94.724858 23
203 98.600106 75.337819 18
204 37.625959 8.350072 28
205 77.714692 55.840425 23
206 42.422201 90.635439 47
207 11.119748 49.262510 45
208 1.135364 46.866064 49
209 5.630328 11.881792 26
210 11.752625 64.921030 39
211 74.604488 58.336877 18
212 96.217255 37.487058 42
213 28.571209 86.859913 34
214 22.359584 96.322254 23
215 1.215447 96.987883 20
216 4.315991 89.114311 44
217 52.770111 99.296480 23
218 7.379656 55.385428 39
219 96.930254 52.309784 13
220 62.939864 69.574869 13
221 45.454106 62.755808 37
222 58.431431 90.115801 17
223 4.544638 28.096319 11
224 95.041148 89.026378 31
225 45.565675 62.013260 25
226 27.738118 18.812116 38
227 46.369840 35.335223 39
228 58.365611 7.773464 21
229 97.439481 98.621074 44
230 69.816171 53.609637 20
231 30.952762 81.379502 30
232 68.473117 16.261694 30
233 91.092718 82.253724 14
234 94.979991 72.571951 29
235 61.341520 41.824304 46
236 93.272848 86.606389 12
237 4.521867 2.636697 42
238 37.646337 81.055333 18
239 98.727613 15.041689 18
240 59.413072 38.089086 13
241 96.991440 84.211892 44
242 83.832870 46.869316 26
243 41.481950 27.340707 43
244 5.637550 86.472238 33
245 81.290101 99.971767 41
246 99.663684 55.543171 10
247 76.898742 94.476573 17
248 84.964739 24.734810 32
249 45.054414 12.915942 49
250 95.405103 60.617463 21
251 22.864281 67.170068 21
252 61.812824 35.816272 24
253 11.355759 67.157320 28
254 52.030770 77.231839 35
255 52.016350 85.218150 38
256 55.190684 56.093797 31
257 87.665360 40.348287 49
258 13.401523 2.878268 30
259 75.513726 62.030955 47
260 70.407977 21.296416 29
261 13.637148 1.454467 38
262 35.058756 58.991769 13
263 39.224405 43.747492 16
264 90.415869 34.825547 37
265 51.398949 78.365301 37
266 39.654278 62.208670 13
267 86.236371 94.952062 31
268 14.707348 92.658763 21
269 49.211629 25.824439 12
270 45.913576 98.003258 31
271 49.261809 32.875161 11
272 63.340085 24.014562 33
273 7.586333 12.887972 43
274 12.804584 15.190269 36
275 13.882717 64.087474 10
276 18.188008 34.566728 17
277 89.678841 47.396164 32
278 66.755774 17.231987 47
279 19.228902 4.086862 15
280 16.893506 27.859034 31
281 17.701048 8.870253 34
282 12.063587 46.077877 27
283 20.633372 36.426986 26
284 50.341727 69.039483 21
285 3.931214 79.941040 15
286 62.790039 8.175903 35
287 87.357862 92.087240 36
288 6.107796 27.687765 17
289 80.620128 74.825969 28
290 18.452102 20.934932 10
291 37.047210 48.452299 38
292 61.825477 36.891364 44
293 46.253472 74.747094 49
294 3.668320 25.243694 23
295 71.334959 89.520684 44
296 51.167744 53.211349 29
297 10.717201 44.741237 22
298 53.261727 24.247050 47
299 26.924323 37.728416 17
300 2.007120 32.207917 29
301 21.144801 32.749735 42
302 11.976213 89.052728 35
303 59.359245 67.910232 48
304 78.917124 49.844220 30
305 8.692029 53.710654 18
306 58.684112 74.543947 33
307 43.165955 12.758030 46
308 28.377591 36.308230 26
309 64.591724 57.077830 33
310 35.609673 98.651525 30
311 60.577482 23.722679 48
312 10.178247 15.285914 48
313 24.595773 16.068137 22
314 18.656702 28.509517 20
315 17.337360 89.676542 28
316 8.023375 52.451139 20
317 41.039683 98.237862 22
318 11.203890 39.785560 10
319 96.947043 86.550713 49
320 81.707207 25.790283 28
321 17.088759 66.864322 21
322 92.937599 55.676289 17
323 57.161269 27.997909 17
324 76.949293 18.704375 21
325 32.367924 42.543644 42
326 50.761038 24.240973 35
327 11.483682 61.062004 48
328 28.863055 58.123822 37
329 15.436272 48.114010 14
330 53.258943 5.182354 17
331 33.660428 13.441468 34
332 6.337497 98.996023 36
333 32.235384 80.987445 32
334 25.464065 68.150272 39
335 76.022786 59.563874 32
336 47.157619 41.184091 29
337 34.886827 92.952914 27
338 83.061941 96.502691 27
339 12.429722 73.086748 11
340 93.834046 18.123307 13
341 6.649627 74.112065 39
342 57.447311 84.182878 42
343 13.977238 79.526731 45
344 20.162732 16.365594 27
345 16.426580 81.457472 46
346 66.519722 52.306542 28
347 35.883048 87.720054 37
348 39.244511 81.659944 49
349 43.913491 37.694443 29
350 46.267979 30.137787 42
351 74.760938 50.272039 21
352 23.221270 89.957457 24
353 38.389122 54.355286 48
354 90.647211 62.423800 11
355 11.689804 93.983212 38
356 62.770805 33.490561 19
357 13.927207 79.402519 11
358 62.007276 53.346109 20
359 89.389258 78.859721 22
360 15.167488 31.172207 19
361 24.848914 74.394629 23
362 3.353243 56.988968 27
363 76.245869 87.676564 18
364 34.208175 82.125730 48
365 11.063174 84.645229 37
366 12.748866 39.728729 12
367 79.729537 14.991743 29
368 22.925140 72.225257 15
369 72.003654 64.114763 36
370 69.394844 54.272444 11
371 25.179906 34.569599 38
372 18.159772 90.845056 47
373 58.339179 40.085142 12
374 46.200580 94.728334 25
375 15.335140 58.622983 39
376 50.588868 61.145424 49
377 1.811018 87.212391 11
378 93.211828 56.513318 26
379 69.665082 92.249938 21
380 70.723863 15.253904 44
381 57.628836 60.671505 10
382 42.413067 73.644424 24
383 93.436701 92.556851 35
384 45.083937 11.323805 46
385 98.484120 83.889809 30
386 12.466268 92.084188 40
387 86.989636 51.883806 34
388 59.127544 39.900270 32
389 5.476164 33.519724 33
390 80.285345 0.463202 47
391 33.349917 39.816869 37
392 53.739560 91.985562 30
393 34.634599 34.695320 27
394 73.750125 45.221794 45
395 22.460482 45.243952 44
396 14.085702 17.638699 18
397 49.836777 41.892545 47
398 91.484590 36.239390 39
399 58.058835 63.226429 43
400 1.309446 66.353737 41
401 17.803597 96.107032 12
402 14.866273 41.462412 12
403 8.534967 99.687425 37
404 50.219501 59.538502 24
405 6.707648 74.996047 32
406 20.990559 89.805429 49
407 20.513964 19.068772 20
408 3.654967 47.206695 41
409 56.484113 6.570864 45
410 77.552762 45.328883 42
411 52.439027 44.076275 33
412 40.076306 55.964033 48
413 15.524025 18.192813 43
414 86.178562 94.611546 37
415 37.330932 27.074467 46
416 64.399954 40.873417 16
417 2.538636 15.615260 13
418 71.597223 65.892394 46
419 2.709599 22.197216 10
420 23.107480 67.189274 10
421 1.971054 10.410858 29
422 79.991609 17.854466 28
423 65.274611 23.818278 38
424 9.944139 24.317219 19
425 72.226693 85.569647 27
426 83.021986 39.718353 37
427 66.808514 20.498430 44
428 29.314773 89.633582 40
429 1.300192 8.550853 36
430 20.788626 2.653220 20
431 18.143544 58.304156 47
432 42.142455 89.267171 14
433 81.744356 34.181735 17
434 25.942343 37.969241 43
435 59.029494 26.806364 21
436 62.414891 40.941165 47
437 55.204718 43.612653 10
438 29.446576 94.845331 40
439 76.360579 14.011318 13
440 86.846798 48.743120 14
441 89.455223 79.985526 39
442 42.521350 2.246931 33
443 26.867736 54.163421 12
444 63.347822 25.788769 20
445 13.935607 83.493024 13
446 98.440218 52.569018 35
447 17.167929 27.230733 36
448 1.839068 91.429881 36
449 11.775108 57.651648 15
450 27.405522 55.417800 24
451 65.142039 82.974180 39
452 20.642127 1.099583 46
453 13.688563 90.001864 46
454 87.389008 59.741310 46
455 60.051686 66.503667 44
456 17.537128 91.441195 32
457 41.877052 38.313853 15
458 51.891771 4.696597 13
459 16.628337 73.803362 27
460 8.279867 60.315211 18
461 24.534911 38.929561 38
462 28.869374 35.567272 22
463 71.904591 29.712172 26
464 56.640464 47.605040 41
465 66.367117 93.682974 31
466 73.257210 21.494038 13
467 3.118314 26.226404 14
468 59.507793 5.142581 46
469 49.636625 59.684285 22
470 33.424389 77.091220 43
471 10.659825 7.513778 31
472 72.818876 49.549132 32
473 68.840240 43.482734 12
474 24.640203 81.910232 43
475 79.941588 69.469647 41
476 27.214514 59.023067 30
477 36.097390 9.158207 30
478 91.731358 13.681863 20
479 95.023735 44.600577 48
480 18.513293 54.190095 13
481 87.294584 73.222489 10
482 80.656115 65.878337 37
483 69.227656 84.919565 33
484 24.966801 48.942496 44
485 22.120944 98.766801 22
486 94.405934 3.942681 43
487 70.557517 92.524832 20
488 18.057535 56.794523 45
489 91.548830 3.394598 26
490 69.742027 29.734901 44
491 92.439620 97.105825 27
492 94.426649 47.421422 49
493 86.204265 84.454940 31
494 31.910047 82.891547 33
495 3.700763 59.626988 28
496 23.000884 12.056689 46
497 7.695320 69.628878 48
498 33.987496 72.476677 30
499 6.535634 31.529034 17
500 53.949129 79.072316 37
501 31.875250 62.589138 14
502 88.597775 61.586319 26
503 23.295947 2.440078 46
504 87.009887 2.126941 45
505 87.470167 52.893713 28
506 93.906770 79.878324 36
507 99.793411 35.071182 43
508 76.718829 40.193091 20
509 47.987562 62.750546 21
510 87.367711 98.408347 30
511 76.827341 41.776678 20
512 42.135700 73.758230 48
513 23.877715 11.047411 37
514 35.462216 28.723899 14
515 29.630812 23.360775 26
516 4.209319 1.787393 29
517 98.772239 42.777313 21
518 38.432665 67.964728 15
519 21.825389 94.996118 26
520 78.634501 8.941100 28
521 41.758078 87.911831 35
522 94.473202 46.740151 41
523 61.341139 16.703395 15
524 99.116863 23.167170 45
525 94.273177 64.964665 47
526 60.773679 51.268851 20
527 23.066981 17.652803 42
528 22.048621 18.643826 33
529 77.958447 35.012526 32
530 5.784268 96.910263 24
531 88.378588 92.775228 36
532 99.490782 17.389525 20
533 39.624202 75.823848 26
534 69.602062 15.389591 23
535 81.583312 22.444057 36
536 22.381761 53.697442 27
537 59.293993 58.008621 37
538 9.148684 87.746086 13
539 26.560004 12.951492 16
540 88.874808 95.565150 44
541 86.212762 80.951607 18
542 65.524198 55.085737 17
543 8.698676 40.845321 26
544 37.268852 25.975378 26
545 72.342011 49.587574 42
546 8.104622 22.018320 41
547 68.325876 7.613086 17
548 85.120691 49.514653 28
549 48.058658 59.240778 47
550 82.468097 34.780921 12
551 67.801615 56.573196 14
552 26.702827 87.862999 22
553 79.742602 65.845183 40
554 85.058173 86.729420 25
555 70.836298 83.701333 41
556 69.747146 68.014077 31
557 61.861138 75.271664 38
558 15.860511 88.087076 31
559 87.184353 2.924728 12
560 82.581675 12.886987 19
561 33.511885 74.350826 30
562 16.075990 81.796702 25
563 83.213418 50.746773 21
564 0.638587 28.703813 11
565 61.692692 98.118618 33
566 63.181353 25.980358 44
567 63.400570 53.998538 39
568 77.984540 10.698064 39
569 76.102790 54.126658 44
570 96.299200 34.187217 28
571 63.262189 93.202811 17
572 10.250973 93.722849 35
573 68.788572 6.783706 49
574 30.096357 70.817209 16
575 6.735060 58.217046 39
576 34.588306 62.091552 16
577 4.574203 87.153681 12
578 97.348897 96.887786 10
579 74.965183 13.008624 45
580 75.826320 2.458692 34
581 2.212355 32.361022 46
582 48.864319 77.040742 10
583 68.329538 44.590271 24
584 27.362667 99.712450 46
585 42.618130 45.138702 22
586 16.362382 79.480955 49
587 69.368223 22.076961 17
588 8.238105 68.049930 14
589 65.451121 27.325953 18
590 95.086356 15.105789 10
591 43.233480 94.361592 45
592 41.972732 63.852595 44
593 39.759440 27.421520 11
594 98.397765 40.933401 49
595 89.409920 22.995461 32
596 21.310470 3.113408 18
597 65.166683 36.852634 43
598 86.435825 47.320991 23
599 96.819343 18.552552 13
600 86.862317 77.659685 39
601 77.092184 84.478323 40
602 76.102399 62.622032 47
603 13.124488 3.252618 20
604 92.084785 61.665031 44
605 79.653729 48.152235 17
606 11.730819 12.518579 12
607 68.556529 43.030589 23
608 20.052473 49.159455 22
609 6.420894 58.197140 41
610 26.899340 79.755910 43
611 31.036196 45.522015 28
612 1.162054 7.244689 47
613 39.249356 47.993883 25
614 60.002055 29.166258 11
615 69.498189 86.012240 49
616 77.985099 3.961883 26
617 48.050695 10.493018 43
618 24.204502 98.666259 25
619 14.249554 49.888815 47
620 61.815573 70.246497 11
621 55.964868 0.977085 11
622 32.646131 51.771164 35
623 8.786650 35.062693 22
624 3.320311 7.857850 40
625 39.692328 13.271575 43
626 56.754085 68.946497 48
627 80.058670 20.015024 12
628 16.748258 10.456784 17
629 63.643025 70.647573 32
630 3.158614 93.621225 23
631 5.197128 54.129634 36
632 70.906052 87.096912 38
633 71.408693 80.172808 48
634 33.945019 81.482511 48
635 8.011485 89.481666 10
636 54.759238 81.729777 26
637 45.231828 64.357770 39
638 52.640266 73.158952 22
639 8.162998 6.035208 30
640 24.710323 15.954468 28
641 87.178357 21.921399 28
642 97.586526 33.689579 34
643 18.211792 78.969851 31
644 65.870778 49.819572 40
645 55.536355 71.920178 26
646 22.845474 99.633392 32
647 97.479316 65.032569 41
648 19.954245 68.022824 19
649 7.219841 3.065250 19
650 25.768289 46.262296 45
651 86.827251 72.716907 17
652 74.270652 42.549333 29
653 34.593499 37.103876 41
654 98.764956 4.010919 23
655 86.703150 57.867541 37
656 43.861542 72.525766 33
657 48.666894 87.342324 24
658 90.070186 42.172093 31
659 27.682780 59.235033 39
660 91.236335 21.066219 13
661 62.296658 63.156022 22
662 73.311302 13.156769 32
663 71.582496 90.903252 17
664 17.968311 23.754332 27
665 97.139509 18.097695 21
666 85.438509 49.227786 40
667 24.723107 87.074990 23
668 44.530526 51.481735 43
669 35.923337 59.295085 27
670 16.352387 39.108154 43
671 96.941232 25.813343 20
672 65.673666 32.519006 21
673 77.347313 13.087366 24
674 96.982105 45.378954 40
675 23.605046 7.349675 38
676 16.975791 51.977395 35
677 33.700318 82.888337 27
678 43.088752 24.871427 41
679 61.714499 70.677722 31
680 16.704191 16.761922 47
681 3.667143 73.640202 26
682 66.380453 47.463088 32
683 84.417045 80.567015 33
684 58.535436 86.827128 17
685 20.584121 11.191962 15
686 26.974961 5.708686 14
687 53.116953 93.660569 38
688 3.934354 12.210991 37
689 45.219903 93.387502 20
690 31.615610 50.723481 10
691 4.157286 14.834320 28
692 98.663012 96.511870 18
693 0.493998 95.181179 36
694 63.911994 86.791829 43
695 45.473986 51.559603 13
696 48.884658 66.686426 45
697 13.965125 2.997359 27
698 30.792994 70.468076 24
699 20.185345 67.343243 22
700 96.991205 9.390072 28
701 67.260212 44.375022 15
702 86.814225 17.714979 21
703 69.262595 83.811529 46
704 94.461422 68.324803 26
705 49.717476 61.784724 32
706 86.890498 57.060975 35
707 3.038706 93.094870 38
708 68.952675 67.651339 42
709 21.567515 65.888547 36
710 39.386441 65.123298 34
711 10.659303 65.784530 19
712 99.941373 4.821204 32
713 97.717418 40.690796 30
714 87.075345 78.238548 30
715 56.701626 73.844921 22
716 87.851556 40.414032 46
717 32.703316 66.759339 42
718 80.784594 76.228513 33
719 79.781365 43.558331 20
720 81.783422 12.020906 26
721 54.448910 0.575866 13
722 32.458583 36.646153 34
723 39.617269 69.546721 39
724 38.855810 44.869362 18
725 23.754413 37.325179 30
726 22.726963 7.319592 29
727 60.344859 66.821280 28
728 61.949035 46.349404 28
729 37.978578 86.333365 21
730 51.908179 47.918188 46
731 2.564207 34.124783 26
732 38.019562 39.882278 46
733 58.017237 53.360255 48
734 60.790509 76.488326 37
735 81.298574 71.812308 44
736 95.552370 1.823258 27
737 19.577799 0.756287 23
738 64.747471 89.803055 44
739 24.348230 92.703454 16
740 6.026739 93.443603 22
741 35.162269 10.142083 27
742 48.587176 25.677657 46
743 28.487290 30.728996 22
744 80.302590 53.916128 45
745 31.130770 61.033378 40
746 71.615067 27.262400 11
747 41.354910 12.188609 25
748 18.114935 68.111785 18
749 18.143835 52.516338 18
750 70.904626 10.687692 47
751 56.731222 25.656278 20
752 96.292688 48.354565 31
753 80.599255 55.022654 42
754 4.341253 63.315138 45
755 95.140334 60.161182 32
756 81.918886 88.420646 43
757 22.807977 21.204484 18
758 61.098099 41.102847 33
759 83.986130 90.002312 17
760 35.342138 23.687056 16
761 78.052552 27.480604 45
762 82.261432 42.373825 27
763 66.754990 9.553531 12
764 62.385932 45.176768 37
765 58.660846 16.801421 15
766 73.687374 86.279708 30
767 21.673980 9.571456 37
768 2.363859 64.197150 49
769 60.709404 54.669741 10
770 23.194710 39.090600 45
771 59.447634 49.676686 30
772 98.778552 13.643975 44
773 69.514455 40.431877 22
774 42.819961 71.759777 19
775 69.243615 99.125599 19
776 12.839429 10.410965 22
777 72.433882 57.838692 46
778 27.416067 7.941937 47
779 8.565825 89.419087 33
780 19.186732 32.337156 11
781 22.665640 35.499631 31
782 6.942384 51.905979 26
783 6.761256 80.035651 45
784 23.371208 54.001191 23
785 88.007909 65.087737 19
786 53.295779 32.433375 44
787 33.300191 66.948696 34
788 99.413936 66.183919 12
789 55.778342 73.065051 47
790 46.520561 6.014234 26
791 56.229682 95.762528 21
792 17.530294 69.000489 33
793 20.093369 53.582768 38
794 9.667645 45.037094 34
795 75.616333 34.757152 45
796 66.491172 79.544996 35
797 92.717782 23.464208 47
798 39.931592 15.241601 10
799 99.248350 92.700097 29
800 53.995713 84.203329 37
801 52.095798 62.358569 25
802 8.912443 75.527042 26
803 12.771348 82.606763 49
804 78.202809 70.874470 37
805 3.616038 30.312836 21
806 26.311257 36.013641 36
807 8.764275 93.695782 39
808 55.380224 30.552431 43
809 39.698152 44.720254 46
810 60.059433 51.567943 15
811 91.939197 49.696348 16
812 99.215801 85.142496 41
813 20.851051 93.059521 41
814 11.636640 81.744971 34
815 38.062329 87.797432 42
816 86.805669 80.592540 16
817 79.003044 30.467914 21
818 8.091928 40.298018 25
819 17.352451 69.495109 25
820 34.609973 97.561020 45
821 64.097208 82.248056 22
822 13.252467 86.201448 16
823 92.275719 48.706192 45
824 60.625294 76.480980 18
825 17.483863 50.256608 41
826 39.866303 14.637399 20
827 36.753442 6.817231 17
828 2.581191 13.516629 42
829 96.311511 54.952954 32
830 96.582216 43.249788 34
831 31.181613 50.614186 17
832 43.951169 10.566468 31
833 64.082631 21.603818 13
834 61.958795 65.020109 49
835 15.202485 6.134963 12
836 78.076159 45.980042 38
837 5.816380 99.486632 38
838 5.778056 69.503523 43
839 98.367893 23.918010 43
840 14.224937 12.138494 37
841 30.327515 10.104581 22
842 69.216134 6.229180 24
843 50.942213 99.669685 32
844 81.397027 61.521944 35
845 30.625362 62.389584 13
846 52.704146 42.608338 35
847 13.071038 88.660422 49
848 44.978465 19.462251 18
849 36.775935 41.412975 14
850 82.753790 73.361438 41
851 76.930489 1.103126 29
852 41.615400 48.134415 20
853 1.919228 25.981321 24
854 76.028982 13.710971 41
855 53.531013 21.520187 37
856 1.212077 24.120146 31
857 97.587375 80.153711 26
858 95.957664 48.785404 35
859 10.973620 54.795949 16
860 45.437733 84.435708 35
861 9.808258 48.824114 34
862 15.004866 32.467593 19
863 73.735708 47.601813 28
864 37.588829 39.447628 20
865 45.944677 78.501654 22
866 89.208469 95.533469 17
867 78.690339 31.540690 49
868 68.813471 43.760312 13
869 25.467062 84.087158 40
870 3.842635 90.176199 37
871 46.147746 63.720148 20
872 65.935392 89.511774 10
873 63.666968 61.393358 47
874 6.665204 51.840802 33
875 15.016900 73.743377 40
876 51.222192 68.022778 35
877 4.167290 8.479202 14
878 71.632339 7.208434 29
879 7.125673 1.210848 20
880 95.650140 73.750836 42
881 35.325141 29.653558 47
882 34.970323 77.465353 36
883 66.137061 18.519557 43
884 17.410934 9.839565 24
885 66.030272 76.437266 41
886 26.504643 2.094496 30
887 8.217167 96.786003 14
888 29.544478 76.922315 15
889 62.466357 38.193964 47
890 20.568726 12.138642 31
891 61.501297 77.463378 27
892 64.390425 53.030213 23
893 4.195122 96.848878 19
894 79.871419 29.282204 22
895 97.997033 60.188159 40
896 58.242266 74.807318 39
897 81.176979 65.647861 12
898 12.809575 33.826751 39
899 92.808364 22.461561 15
900 37.216702 43.207688 38
901 43.940499 61.293958 17
902 94.307584 24.069271 42
903 12.150138 19.747049 26
904 88.692490 64.581081 20
905 28.590679 81.594694 22
906 86.137000 84.651434 20
907 91.892653 25.224102 40
908 75.504193 46.053950 37
909 84.199855 72.849068 15
910 77.644745 65.616184 25
911 17.742877 54.502692 13
912 98.466974 93.738807 44
913 4.317374 16.481482 35
914 13.172877 72.597991 21
915 81.778533 21.351137 20
916 50.585269 84.070303 46
917 73.280154 54.223721 34
918 59.034769 50.836055 27
919 29.754845 56.502199 28
920 68.888530 87.332292 32
921 63.629135 76.112154 47
922 16.007163 46.155747 27
923 0.933162 24.667886 35
924 72.646172 99.180995 15
925 9.917810 40.149432 13
926 80.007097 20.403563 38
927 55.508495 73.307130 43
928 61.598545 18.802473 26
929 35.538457 78.379178 25
930 55.422651 0.522961 11
931 76.099076 3.531135 43
932 74.573378 20.248056 17
933 95.807348 36.794075 22
934 32.693162 14.888805 17
935 30.560422 87.665076 39
936 99.633434 36.830953 41
937 44.861063 72.207094 45
938 88.619578 59.304433 39
939 39.152570 41.262184 10
940 69.561815 0.321826 48
941 61.958934 35.549301 26
942 79.419733 9.299064 29
943 58.820227 48.097289 33
944 64.232553 6.485359 31
945 57.998379 56.148459 38
946 56.066009 60.348767 31
947 67.646794 80.498900 18
948 26.982072 82.504941 46
949 49.825568 7.705828 19
950 5.855093 33.423832 45
951 78.489698 70.768093 46
952 78.861496 51.726906 37
953 44.019900 14.745253 37
954 32.819275 43.401937 30
955 8.860043 22.061195 33
956 59.822529 73.566311 49
957 99.834751 93.311333 11
958 64.256520 42.124805 17
959 63.617736 78.565162 36
960 11.833619 40.990489 31
961 83.980229 38.383295 46
962 57.187227 58.776936 36
963 18.447625 36.223544 38
964 33.451129 2.619671 12
965 2.419176 83.169704 22
966 27.307081 51.807877 19
967 29.872557 94.067925 45
968 25.929676 42.965681 18
969 87.273025 84.193357 36
970 18.610142 80.264331 43
971 45.818689 48.296887 10
972 13.347997 8.060151 41
973 72.793931 49.646115 34
974 43.685070 72.950823 38
975 76.551290 15.890817 16
976 61.022515 13.535408 12
977 75.137509 65.695516 29
978 95.661462 6.895802 29
979 5.705472 28.218707 39
980 26.170568 24.697880 44
981 90.625458 24.954620 44
982 27.194973 75.939826 48
983 44.973984 77.671056 36
984 6.536616 48.757119 35
985 3.361360 6.265320 23
986 90.643745 13.924537 26
987 53.242068 41.109560 27
988 34.734333 89.983335 38
989 2.182340 66.378969 29
990 96.339443 56.016818 36
991 93.682246 5.225788 27
992 41.879332 26.015779 13
993 73.082096 98.129709 10
994 25.653006 65.417460 10
995 19.809763 56.533025 35
996 46.393249 97.200533 29
997 60.852727 34.950637 32
998 11.409578 15.124683 19
999 22.531693 25.096666 20
