0 37.454012 95.071431 132
1 73.199394 59.865848 185
2 15.601864 15.599452 158
3 5.808361 86.617615 114
4 60.111501 70.807258 135
5 2.058449 96.990985 194
6 83.244264 21.233911 120
7 18.182497 18.340451 94
8 30.424224 52.475643 181
9 43.194502 29.122914 85
10 61.185289 13.949386 119
11 29.214465 36.636184 68
12 45.606998 78.517596 157
13 19.967378 51.423444 140
14 59.241457 4.645041 139
15 60.754485 17.052412 68
16 6.505159 94.888554 88
17 96.563203 80.839735 175
18 30.461377 9.767211 190
19 68.423303 44.015249 175
