0 61.185289 13.949386 16
1 29.214465 36.636184 18
2 45.606998 78.517596 33
3 19.967378 51.423444 10
4 59.241457 4.645041 17
5 60.754485 17.052412 33
6 6.505159 94.888554 20
7 96.563203 80.839735 26
8 30.461377 9.767211 17
9 68.423303 44.015249 44
10 12.203823 49.517691 44
11 3.438852 90.932040 42
12 25.877998 66.252228 14
13 31.171108 52.006802 48
14 54.671028 18.485446 37
15 96.958463 77.513282 16
16 93.949894 89.482735 18
17 59.789998 92.187424 17
18 8.849250 19.598286 21
19 4.522729 32.533033 43
