0 37.454012 95.071431 120
1 73.199394 59.865848 135
2 15.601864 15.599452 82
3 5.808361 86.617615 130
4 60.111501 70.807258 110
5 2.058449 96.990985 110
6 83.244264 21.233911 147
7 18.182497 18.340451 77
8 30.424224 52.475643 92
9 43.194502 29.122914 135
10 61.185289 13.949386 66
11 29.214465 36.636184 147
12 45.606998 78.517596 147
13 19.967378 51.423444 114
14 59.241457 4.645041 123
15 60.754485 17.052412 134
16 6.505159 94.888554 54
17 96.563203 80.839735 51
18 30.461377 9.767211 71
19 68.423303 44.015249 161
