0 12.203823 49.517691 29
1 3.438852 90.932040 37
2 25.877998 66.252228 17
3 31.171108 52.006802 48
4 54.671028 18.485446 10
5 96.958463 77.513282 12
6 93.949894 89.482735 22
7 59.789998 92.187424 37
8 8.849250 19.598286 34
9 4.522729 32.533033 42
10 38.867729 27.134903 47
11 82.873751 35.675333 15
12 28.093451 54.269608 41
13 14.092422 80.219698 30
14 7.455064 98.688694 25
15 77.224477 19.871568 30
16 0.552212 81.546143 20
17 70.685734 72.900717 46
18 77.127035 7.404465 45
19 35.846573 11.586906 44
20 86.310343 62.329813 28
21 33.089802 6.355835 29
22 31.098232 32.518332 27
23 72.960618 63.755747 23
24 88.721274 47.221493 24
25 11.959425 71.324479 40
26 76.078505 56.127720 10
27 77.096718 49.379560 12
28 52.273283 42.754102 25
29 2.541913 10.789143 32
30 3.142919 63.641041 20
31 31.435598 50.857069 21
32 90.756647 24.929223 19
33 41.038292 75.555114 41
34 22.879817 7.697991 25
35 28.975145 16.122129 17
36 92.969765 80.812038 47
37 63.340376 87.146059 21
38 80.367208 18.657006 33
39 89.255900 53.934224 37
40 80.744016 89.609130 17
41 31.800347 11.005192 37
42 22.793516 42.710779 45
43 81.801477 86.073058 35
44 0.695213 51.074730 17
45 41.741100 22.210781 37
46 11.986537 33.761517 37
47 94.290970 32.320293 46
48 51.879062 70.301896 45
49 36.362960 97.178208 36
50 96.244729 25.178230 26