0 12.203823 49.517691 29
1 3.438852 90.932040 37
2 25.877998 66.252228 17
3 31.171108 52.006802 48
4 54.671028 18.485446 10
5 96.958463 77.513282 12
6 93.949894 89.482735 22
7 59.789998 92.187424 37
8 8.849250 19.598286 34
9 4.522729 32.533033 42
10 38.867729 27.134903 47
11 82.873751 35.675333 15
12 28.093451 54.269608 41
13 14.092422 80.219698 30
14 7.455064 98.688694 25
15 77.224477 19.871568 30
16 0.552212 81.546143 20
17 70.685734 72.900717 46
18 77.127035 7.404465 45
19 35.846573 11.586906 44
20 86.310343 62.329813 28
21 33.089802 6.355835 29
22 31.098232 32.518332 27
23 72.960618 63.755747 23
24 88.721274 47.221493 24
25 11.959425 71.324479 40
26 76.078505 56.127720 10
27 77.096718 49.379560 12
28 52.273283 42.754102 25
29 2.541913 10.789143 32
30 3.142919 63.641041 20
31 31.435598 50.857069 21
32 90.756647 24.929223 19
33 41.038292 75.555114 41
34 22.879817 7.697991 25
35 28.975145 16.122129 17
36 92.969765 80.812038 47
37 63.340376 87.146059 21
38 80.367208 18.657006 33
39 89.255900 53.934224 37
40 80.744016 89.609130 17
41 31.800347 11.005192 37
42 22.793516 42.710779 45
43 81.801477 86.073058 35
44 0.695213 51.074730 17
45 41.741100 22.210781 37
46 11.986537 33.761517 37
47 94.290970 32.320293 46
48 51.879062 70.301896 45
49 36.362960 97.178208 36
50 96.244729 25.178230 26
51 49.724851 30.087831 18
52 28.484049 3.688695 42
53 60.956433 50.267902 29
54 5.147875 27.864646 22
55 90.826589 23.956189 37
56 14.489487 48.945276 38
57 98.565045 24.205527 22
58 67.213555 76.161962 44
59 23.763754 72.821635 15
60 36.778313 63.230583 27
61 63.352971 53.577468 14
62 9.028977 83.530250 34
63 32.078006 18.651851 11
64 4.077514 59.089294 19
65 67.756436 1.658783 39
66 51.209306 22.649578 14
67 64.517279 17.436643 42
68 69.093774 38.673535 10
69 93.672999 13.752094 27
70 34.106635 11.347352 41
71 92.469362 87.733935 20
72 25.794163 65.998405 30
73 81.722220 55.520081 35
74 52.965058 24.185229 34
75 9.310277 89.721576 31
76 90.041806 63.310146 36
77 33.902979 34.920957 22
78 72.595568 89.711026 42
79 88.708642 77.987555 43
80 64.203165 8.413996 44
81 16.162871 89.855419 10
82 60.642906 0.919705 30
83 10.147154 66.350177 15
84 0.506158 16.080805 37
85 54.873379 69.189520 26
86 65.196126 22.426931 14
87 71.217922 23.724909 40
88 32.539970 74.649141 14
89 64.963290 84.922341 47
90 65.761289 56.830860 12
91 9.367477 36.771580 32
92 26.520237 24.398964 46
93 97.301055 39.309772 46
94 89.204656 63.113863 19
95 79.481130 50.263709 19
96 57.690388 49.251769 28
97 19.524299 72.245212 26
98 28.077236 2.431597 30
99 64.547230 17.711068 23
100 94.045858 95.392858 18
101 91.486439 37.015870 10
102 1.545662 92.831856 22
103 42.818415 96.665482 13
104 96.361998 85.300946 10
105 29.444889 38.509773 49
106 85.113667 31.692201 41
107 16.949275 55.680126 43
108 93.615477 69.602980 37
109 57.006117 9.717649 40
110 61.500723 99.005385 17
111 14.008402 51.832965 48
112 87.737307 74.076862 35
113 69.701574 70.248408 43
114 35.949115 29.359184 12
115 80.936116 81.011339 21
116 86.707232 91.324055 10
117 51.134240 50.151629 14
118 79.829518 64.996393 39
119 70.196688 79.579267 39
120 89.000534 33.799516 26
121 37.558295 9.398194 32
122 57.828014 3.594227 24
123 46.559802 54.264463 46
124 28.654125 59.083326 30
125 3.050025 3.734819 23
126 82.260056 36.019064 11
127 12.706051 52.224326 20
128 76.999355 21.582103 48
129 62.289048 8.534746 47
130 5.168172 53.135463 43
131 54.063512 63.742990 47
132 72.609133 97.585208 43
133 51.630035 32.295647 27
134 79.518619 27.083225 39
135 43.897142 7.845638 24
136 2.535074 96.264841 36
137 83.598012 69.597421 43
138 40.895294 17.329432 47
139 15.643704 25.024290 42
140 54.922666 71.459592 33
141 66.019738 27.993390 24
142 95.486528 73.789692 39
143 55.435405 61.172075 26
144 41.960006 24.773099 14
145 35.597268 75.784611 38
146 1.439349 11.607264 13
147 4.600264 4.072880 19
148 85.546058 70.365786 26
149 47.417383 9.783416 19
150 49.161588 47.347177 26
151 17.320187 43.385165 29
152 39.850473 61.585010 33
153 63.509365 4.530401 14
154 37.461261 62.585992 43
155 50.313626 85.648984 15
156 65.869363 16.293443 11
157 7.056875 64.241928 22
158 2.651131 58.577558 20
159 94.023024 57.547418 32
160 38.816993 64.328822 25
161 45.825289 54.561679 40
162 94.146481 38.610264 20
163 96.119056 90.535064 25
164 19.579113 6.936130 17
165 10.077800 1.822183 13
166 9.444296 68.300677 49
167 7.118865 31.897563 13
168 84.487531 2.327194 34
169 81.446848 28.185477 12
170 11.816483 69.673717 41
171 62.894285 87.747201 12
172 73.507104 80.348093 36
173 28.203457 17.743954 38
174 75.061475 80.683474 41
175 99.050514 41.261768 28
176 37.201809 77.641296 30
177 34.080354 93.075733 14
178 85.841275 42.899403 27
179 75.087107 75.454287 37
180 10.312387 90.255291 31
181 50.525237 82.645747 30
182 32.004960 89.552323 15
183 38.920168 1.083765 10
184 90.538198 9.128668 14
185 31.931364 95.006197 21
186 95.060715 57.343789 35
187 63.183721 44.844552 43
188 29.321077 32.866455 23
189 67.251846 75.237453 35
190 79.157904 78.961814 36
191 9.120610 49.442030 18
192 5.755876 54.952888 35
193 44.153050 88.770418 31
194 35.091501 11.706702 39
195 14.299168 76.151063 26
196 61.821806 10.112268 35
197 8.410681 70.096913 45
198 7.276301 82.186006 10
199 70.624223 8.134878 17
